'XXX

010000 23. 347. atym. 11. 334. 11011011.
0100.Μο1. 168. 11110 crurium. 357.(110010101100011101100001159.
0221833131213· 81331111313911113
0001001 0. Athen. 285. 00. Dion. 1111001361. 362. 0100010101. 353.
05101. 144. 00. 1100110011. 161. 11101011.Ρ1111101.011101.010
162. 00. Ρ111011101.3011011 283. 366. Plutarch. 199. 356. Ponte.
00. Plutarch· 248. 00. 801101. 355. Priscian. 360. 361. 801101.
11011 111111
281. 282. 8101100001 364. 80111. 334. 355.
’ Pollux 279. 111001. M. 362. 20001010 344.
0011111101 maior: Athen. 27. 32. 1100111001 38. 288. 289. Ι397.
34. 46. 127. 128129. 140. 141. 010010013100. 135. 00. Pluma:
157.158.160.196.197.217.234. 343. ·
235. 250. 00. 1011111. 11011. 27. 3011110101 48. 49. 241. 264. 356.
,1001101001161 3111111100 221. 357. 375. 0101001010...οι
222. 223. 224. Clemens Alexandr. 110111. Eupolis. 1101101101. Phn-
130. 010 Chrys. 34. 1100111111. 1110111010.
264.(1100101018011011215217. Gnarus 179.
234263. 0000110010114. (1100100110οι Hm. 1. Μύ-
110. 101. 101. 011. 010010. pram. 01000..
Hecyra. 43. 44. 47. 1151001011. 1110010101. 01111101 (400011.) 12
198199. Phoe. 45. Plutarch. 77. 84. 258. 262. 263. 287. vuar
11. 12. 19. 22 23. 285. 237. 248. Α1111100111. 0101111110. Herm
Pollux 27. 64. 104159. 11110100. Pherecrates. Plato.
204. schol. 111000110οἱ1 40. 71. 0101000000011001111100 )1.
123. 158. 205. 206. 241. 242. 248. Pherecrates.
287. 801101. 1010100. 183. 801101. (1111100101.Ι)1000οῃι de eamd,
Ρ10100. 232. 801101. 1100111229. 101. 149. 269. 284.
suidas 135. 161. 205. 206. 216. Η1010001110 17. 84. 218. 237.
217. Zonaras 27. 249. 00001010 Ηο111101110 8 92. 217. 218. 333.
.- 1100110100οἱ 234. 1101111011 157. 340. 375. 0001011100. 00011011.
cmm. 10101 111111. 413. 277. 01011101. 3000111. Phrynichus.
1100000101 de 010001. wa 110. Sappho.
Dro 00011011. vide Arc 1001111. 1100100001 Pontinus 10. ma.
' ,1111110011οΜ. amicus. 01011011. 250. 251.
11100101 00. Ρ501. 429. Panno. 429. 0110111111110.1011.00.
1110000 81001.. 105. Hmm 01Ρ11100001 1. Plato.
11100111. 511111. 225. v· 1101001011. nummus 00110001. 13011. w.
1110110101. 100011. Cramer. 434. Athenon· ·
1110111101 00. 80111. 01 801101100100. 317. 318. 321. 324. 325. 326.
24. 25. 111101. Μ. 434. 80111001 331.
1101010110111 00. 1410011001 359. 1110010101. 3011. 315. ·
112Ξῖ111112 1111111113· 811· 11111111113131121..
3110010001 ap. Diogen. hert. 146. haeum 307. 308. 80111001 321.
11101001 00. Athenaeum 431. 432 Ηο00011001 129. 264. 331. ,111111
434. 435. Archilochus. Plato. 8001100101. ft·
1110110101 1. 11100111. 11011101.
111101. 11. 77. 259. 260. 285. 393. 1111110001 ap. ,1110100011 225. tp
1110 Arium. 1110010000. Emathium 23. .
. Eupoli·- Hermippus. 1101100101 29. 30. 43. 44. 4047.
11013ιό001 00. Athenaeum 127. 396. 6²23 935610275614357182458 Ἃ ἓξ.
Eamus 00111100. 257. 262. 263. 279. 292. 303. 313. 347.
801011100.Δ10111001359. Athenaeum 374. vido: 0101111111. flamm.
342. 352. 360. Erotem 346- Leuce. 0101000111.

 

 

